target	Ls Radiance	Ls Derived Temperature	Lg	Lg Derived Temperature
lightasphalt	9.600071	303	10.02496719	305.8
lightasphalt	9.632498	303.2	10.06164932	306.1
lightasphalt	9.65833	303.4	10.09087104	306.3
lightasphalt	9.690267	303.6	10.12699887	306.5
lightasphalt	9.603586	303	10.02894344	305.9
lightasphalt	9.592736	303	10.01666968	305.8
lightasphalt	9.580396	302.9	10.00271041	305.7
lightasphalt	9.583622	302.9	10.00635973	305.7
lightasphalt	9.625007	303.2	10.05317534	306
lightasphalt	9.619641	303.1	10.0471052	306
lightasphalt	9.599682	303	10.02452715	305.8
lightasphalt	9.683625	303.6	10.11948529	306.4
lightasphalt	9.614597	303.1	10.04139932	305.9
lightasphalt	9.558448	302.7	9.977882353	305.5
lightasphalt	9.577884	302.9	9.999868778	305.7
lightasphalt	9.595086	303	10.01932805	305.8
lightasphalt	9.610588	303.1	10.03686425	305.9
lightasphalt	9.626554	303.2	10.05492534	306
lightasphalt	9.633112	303.2	10.06234389	306.1
lightasphalt	9.683087	303.6	10.1188767	306.4
lightasphalt	9.630742	303.2	10.0596629	306.1
lightasphalt	9.598462	303	10.02314706	305.8
lightasphalt	9.602573	303	10.02779751	305.9
lightasphalt	9.605816	303.1	10.03146606	305.9
lightasphalt	9.622701	303.2	10.05056674	306
lightasphalt	9.6359	303.3	10.06549774	306.1
lightasphalt	9.660219	303.4	10.09300792	306.3
lightasphalt	9.662736	303.4	10.0958552	306.3
lightasphalt	9.65275	303.4	10.08455882	306.2
lightasphalt	9.645233	303.3	10.07605543	306.2
lightasphalt	9.633188	303.2	10.06242986	306.1
lightasphalt	9.664917	303.4	10.0983224	306.3
lightasphalt	9.65481	303.4	10.08688914	306.2
lightasphalt	9.644775	303.3	10.07553733	306.2
lightasphalt	9.665922	303.5	10.09945928	306.3
lightasphalt	9.688506	303.6	10.12500679	306.5
lightasphalt	9.620428	303.1	10.04799548	306
lightasphalt	9.638279	303.3	10.06818891	306.1
lightasphalt	9.688303	303.6	10.12477715	306.5
lightasphalt	9.68838	303.6	10.12486425	306.5
lightasphalt	9.678837	303.5	10.114069	306.4
lightasphalt	9.677591	303.5	10.1126595	306.4
lightasphalt	9.659184	303.4	10.0918371	306.3
lightasphalt	9.678846	303.5	10.11407919	306.4
lightasphalt	9.657318	303.4	10.08972624	306.3
lightasphalt	9.659753	303.4	10.09248077	306.3
lightasphalt	9.66232	303.4	10.09538462	306.3
lightasphalt	9.689123	303.6	10.12570475	306.5
lightasphalt	9.685803	303.6	10.1219491	306.5
lightasphalt	9.693452	303.6	10.13060181	306.5
lightasphalt	9.674555	303.5	10.10922511	306.4
lightasphalt	9.700669	303.7	10.13876584	306.6
lightasphalt	9.629647	303.2	10.05842421	306.1
lightasphalt	9.654383	303.4	10.08640611	306.2
lightasphalt	9.656061	303.4	10.0883043	306.2
lightasphalt	9.68087	303.6	10.11636878	306.4
lightasphalt	9.678735	303.5	10.11395362	306.4
lightasphalt	9.69404	303.6	10.13126697	306.5
lightasphalt	9.68152	303.6	10.11710407	306.4
lightasphalt	9.684542	303.6	10.12052262	306.5
grass	9.445748	302	9.850393665	304.7
grass	9.36158	301.4	9.755180995	304.1
grass	9.415355	301.8	9.816012443	304.5
grass	9.478275	302.2	9.887188914	304.9
grass	9.316432	301.1	9.704108597	303.7
grass	9.375172	301.5	9.770556561	304.2
grass	9.444197	302	9.84863914	304.7
grass	9.499829	302.3	9.911571267	305.1
grass	9.47141	302.1	9.879423077	304.9
grass	9.335604	301.2	9.72579638	303.9
grass	9.346751	301.3	9.738406109	303.9
grass	9.41556	301.8	9.816244344	304.5
grass	9.455089	302	9.860960407	304.8
grass	9.459528	302.1	9.8659819	304.8
grass	9.527836	302.5	9.943253394	305.3
grass	9.385061	301.6	9.781743213	304.2
grass	9.359384	301.4	9.752696833	304
grass	9.366689	301.4	9.760960407	304.1
grass	9.393272	301.6	9.791031674	304.3
grass	9.441874	301.9	9.846011312	304.7
grass	9.474894	302.2	9.883364253	304.9
grass	9.492309	302.3	9.90306448	305
grass	9.527021	302.5	9.942331448	305.3
grass	9.487736	302.3	9.897891403	305
grass	9.436278	301.9	9.839680995	304.6
grass	9.414567	301.8	9.815121041	304.4
grass	9.437264	301.9	9.84079638	304.6
grass	9.431711	301.9	9.834514706	304.6
grass	9.438538	301.9	9.842237557	304.6
grass	9.454235	302	9.859994344	304.7
grass	9.52626	302.5	9.941470588	305.3
grass	9.491848	302.3	9.902542986	305
grass	9.506945	302.4	9.919621041	305.1
grass	9.475266	302.2	9.883785068	304.9
grass	9.466414	302.1	9.873771493	304.8
grass	9.465557	302.1	9.872802036	304.8
grass	9.467749	302.1	9.875281674	304.8
grass	9.498757	302.3	9.910358597	305.1
grass	9.543558	302.6	9.961038462	305.4
grass	9.524971	302.5	9.940012443	305.3
grass	9.556999	302.7	9.976243213	305.5
grass	9.524323	302.5	9.939279412	305.3
grass	9.525555	302.5	9.940673077	305.3
grass	9.511735	302.4	9.925039593	305.2
grass	9.523216	302.5	9.938027149	305.3
grass	9.498095	302.3	9.909609729	305.1
grass	9.522279	302.5	9.936967195	305.3
grass	9.544282	302.6	9.961857466	305.4
grass	9.569891	302.8	9.990826923	305.6
grass	9.543953	302.6	9.961485294	305.4
grass	9.579684	302.9	10.00190498	305.7
grass	9.605775	303.1	10.03141968	305.9
grass	9.58168	302.9	10.0041629	305.7
grass	9.606482	303.1	10.03221946	305.9
grass	9.54973	302.7	9.968020362	305.5
grass	9.589206	302.9	10.01267647	305.8
grass	9.556094	302.7	9.975219457	305.5
grass	9.587146	302.9	10.01034615	305.7
grass	9.574618	302.8	9.996174208	305.6
grass	9.584058	302.9	10.00685294	305.7
grass	9.64097	303.3	10.07123303	306.1
grass	9.670248	303.5	10.10435294	306.4
grass	9.647074	303.3	10.07813801	306.2
grass	9.574126	302.8	9.995617647	305.6
grass	9.549755	302.7	9.968048643	305.5
grass	9.551983	302.7	9.970569005	305.5
grass	9.60465	303	10.03014706	305.9
grass	9.609911	303.1	10.03609842	305.9
grass	9.630257	303.2	10.05911425	306.1
grass	9.604338	303	10.02979412	305.9
grass	9.580144	302.9	10.00242534	305.7
grass	9.499053	302.3	9.910693439	305.1
grass	9.484789	302.2	9.894557692	305
grass	9.529594	302.5	9.945242081	305.3
grass	9.627845	303.2	10.05638575	306
grass	9.560605	302.7	9.980322398	305.5
grass	9.498485	302.3	9.910050905	305.1
grass	9.607788	303.1	10.03369683	305.9
rubber	10.978946	311.9	11.58478054	315.6
rubber	10.966983	311.8	11.57124774	315.5
rubber	10.898462	311.4	11.49373529	315.1
rubber	10.869265	311.2	11.46070701	314.9
rubber	10.925648	311.6	11.52448869	315.2
rubber	10.992175	312	11.59974548	315.7
rubber	11.000505	312	11.60916855	315.8
rubber	11.015906	312.1	11.6265905	315.9
rubber	10.803325	310.8	11.38611425	314.4
rubber	10.959683	311.8	11.56298982	315.5
rubber	10.926669	311.6	11.52564367	315.2
rubber	10.901493	311.4	11.49716403	315.1
rubber	10.875408	311.3	11.46765611	314.9
rubber	10.910244	311.5	11.50706335	315.1
rubber	11.017118	312.1	11.62796154	315.9
rubber	11.033658	312.2	11.64667195	316
rubber	10.994749	312	11.60265724	315.7
rubber	10.866416	311.2	11.45748416	314.8
rubber	10.963276	311.8	11.5670543	315.5
rubber	10.932318	311.6	11.53203394	315.3
rubber	10.869803	311.2	11.46131561	314.9
rubber	10.861936	311.2	11.45241629	314.8
rubber	10.962599	311.8	11.56628846	315.5
rubber	11.003999	312.1	11.61312104	315.8
rubber	11.064851	312.4	11.68195814	316.2
rubber	11.001518	312	11.61031448	315.8
rubber	10.867495	311.2	11.45870475	314.8
rubber	10.961983	311.8	11.56559163	315.5
rubber	10.930998	311.6	11.53054072	315.3
rubber	10.879295	311.3	11.47205317	314.9
rubber	10.818187	310.9	11.40292647	314.5
rubber	10.913421	311.5	11.51065724	315.2
rubber	10.982505	311.9	11.58880656	315.6
rubber	10.99019	312	11.5975	315.7
rubber	10.991628	312	11.5991267	315.7
rubber	10.878138	311.3	11.47074434	314.9
rubber	10.971074	311.9	11.57587557	315.6
rubber	10.942698	311.7	11.54377602	315.4
rubber	10.860538	311.2	11.45083484	314.8
rubber	10.833074	311	11.41976697	314.6
rubber	10.898006	311.4	11.49321946	315.1
rubber	10.969023	311.8	11.57355543	315.5
rubber	10.993588	312	11.60134389	315.7
rubber	10.942533	311.7	11.54358937	315.4
rubber	10.840758	311	11.42845928	314.7
rubber	10.927625	311.6	11.52672511	315.3
rubber	10.928847	311.6	11.52810747	315.3
rubber	10.82547	311	11.41116516	314.6
rubber	10.797222	310.8	11.37921041	314.4
rubber	10.853005	311.1	11.44231335	314.7
rubber	10.883648	311.3	11.47697738	315
rubber	10.852264	311.1	11.44147511	314.7
rubber	10.831908	311	11.41844796	314.6
rubber	10.738281	310.4	11.31253507	314
tennisblue	10.30747	307.7	10.82519231	311
tennisblue	10.320926	307.8	10.84041403	311
tennisblue	10.314159	307.7	10.83275905	311
tennisblue	10.275524	307.5	10.7890543	310.7
tennisblue	10.300744	307.6	10.81758371	310.9
tennisblue	10.300406	307.6	10.81720136	310.9
tennisblue	10.298984	307.6	10.81559276	310.9
tennisblue	10.330595	307.8	10.85135181	311.1
tennisblue	10.311725	307.7	10.83000566	311
tennisblue	10.34412	307.9	10.86665158	311.2
tennisblue	10.267093	307.4	10.77951697	310.7
tennisblue	10.268817	307.4	10.78146719	310.7
tennisblue	10.294729	307.6	10.81077941	310.9
tennisblue	10.310939	307.7	10.82911652	311
tennisblue	10.293454	307.6	10.8093371	310.9
tennisblue	10.318991	307.7	10.83822511	311
tennisblue	10.307986	307.7	10.82577602	311
tennisblue	10.31231	307.7	10.83066742	311
tennisblue	10.325272	307.8	10.84533032	311.1
tennisblue	10.304655	307.6	10.82200792	310.9
tennisblue	10.256621	307.3	10.76767081	310.6
tennisblue	10.22308	307.1	10.72972851	310.4
tennisblue	10.256087	307.3	10.76706674	310.6
tennisblue	10.271351	307.4	10.78433371	310.7
tennisblue	10.252955	307.3	10.76352376	310.6
tennisblue	10.264426	307.4	10.7765	310.6
tennisblue	10.278513	307.5	10.79243552	310.7
tennisblue	10.267457	307.4	10.77992873	310.7
tennisblue	10.274413	307.5	10.78779751	310.7
tennisblue	10.276399	307.5	10.79004412	310.7
tennisblue	10.233033	307.2	10.74098756	310.4
tennisblue	10.228031	307.2	10.73532919	310.4
tennisblue	10.24861	307.3	10.7586086	310.5
tennisblue	10.233304	307.2	10.74129412	310.4
tennisblue	10.243461	307.3	10.75278394	310.5
tennisblue	10.214212	307.1	10.71969683	310.3
tennisblue	10.245784	307.3	10.75541176	310.5
tennisblue	10.237021	307.2	10.74549887	310.5
tennisblue	10.22176	307.1	10.72823529	310.3
tennisblue	10.213505	307.1	10.71889706	310.3
tennisblue	10.277414	307.5	10.79119231	310.7
tennisblue	10.278652	307.5	10.79259276	310.7
tennisblue	10.298623	307.6	10.81518439	310.9
tennisblue	10.27221	307.4	10.78530543	310.7
tennisblue	10.26081	307.4	10.7724095	310.6
tennisblue	10.276942	307.5	10.79065837	310.7
tennisblue	10.235302	307.2	10.7435543	310.4
tennisblue	10.244141	307.3	10.75355317	310.5
tennisblue	10.24737	307.3	10.75720588	310.5
tennisblue	10.278541	307.5	10.79246719	310.7
tennisblue	10.299488	307.6	10.8161629	310.9
tennisblue	10.289736	307.6	10.80513122	310.8
tennisblue	10.333502	307.8	10.85464027	311.1
tennisblue	10.3131	307.7	10.83156109	311
tennisblue	10.296526	307.6	10.81281222	310.9
tennisblue	10.255073	307.3	10.76591968	310.6
tennisblue	10.255944	307.3	10.76690498	310.6
tennisblue	10.248776	307.3	10.75879638	310.5
tennisblue	10.217827	307.1	10.7237862	310.3
tennisblue	10.310615	307.7	10.82875	311
tennisblue	10.316802	307.7	10.83574887	311
tennisblue	10.332994	307.8	10.85406561	311.1
tennisblue	10.359856	308	10.88445249	311.3
tennisblue	10.325649	307.8	10.84575679	311.1
tennisblue	10.276442	307.5	10.79009276	310.7
tennisblue	10.273346	307.4	10.7865905	310.7
tennisblue	10.253588	307.3	10.76423982	310.6
tennisblue	10.246646	307.3	10.75638688	310.5
tennisblue	10.227372	307.1	10.73458371	310.4
tennisblue	10.32	307.7	10.83936652	311
tennisblue	10.321948	307.8	10.84157014	311.1
tennisblue	10.35869	308	10.88313348	311.3
tennisblue	10.340949	307.9	10.86306448	311.2
tennisblue	10.338895	307.9	10.86074095	311.2
tennisblue	10.270262	307.4	10.78310181	310.7
tennisblue	10.249758	307.3	10.75990724	310.5
tennisblue	10.248065	307.3	10.75799208	310.5
tennisblue	10.254151	307.3	10.7648767	310.6
tennisblue	10.233042	307.2	10.74099774	310.4
tennisblue	10.315324	307.7	10.83407692	311
tennisblue	10.382357	308.1	10.90990611	311.5
tennisblue	10.357781	308	10.8821052	311.3
tennisblue	10.35522	308	10.87920814	311.3
tennisblue	10.299818	307.6	10.8165362	310.9
tennisblue	10.270426	307.4	10.78328733	310.7
tennisblue	10.255738	307.3	10.76667195	310.6
tennisblue	10.233305	307.2	10.74129525	310.4
tennisblue	10.246775	307.3	10.75653281	310.5
tennisblue	10.236485	307.2	10.74489253	310.4
tennisblue	10.323023	307.8	10.8427862	311.1
tennisblue	10.302074	307.6	10.81908824	310.9
tennisblue	10.31916	307.7	10.83841629	311
tennisblue	10.307689	307.7	10.82544005	311
tennisblue	10.334087	307.8	10.85530204	311.1
tennisblue	10.296287	307.6	10.81254186	310.9
tennisblue	10.225185	307.1	10.73210973	310.4
tennisblue	10.230328	307.2	10.7379276	310.4
tennisblue	10.24532	307.3	10.75488688	310.5
tennisblue	10.224213	307.1	10.73101018	310.4
tennisblue	10.219196	307.1	10.72533484	310.3
tennisblue	10.256981	307.3	10.76807805	310.6
tennisblue	10.260075	307.4	10.77157805	310.6
tennisblue	10.263016	307.4	10.77490498	310.6
tennisblue	10.289687	307.6	10.80507579	310.8
tennisblue	10.301737	307.6	10.81870701	310.9
tennisblue	10.229118	307.2	10.73655882	310.4
tennisblue	10.22826	307.2	10.73558824	310.4
tennisblue	10.207508	307	10.71211312	310.2
tennisblue	10.226347	307.1	10.73342421	310.4
tennisblue	10.182588	306.9	10.68392308	310.1
tennisblue	10.285	307.5	10.79977376	310.8
tennisblue	10.279086	307.5	10.79308371	310.8
tennisblue	10.291859	307.6	10.80753281	310.8
tennisblue	10.281072	307.5	10.79533032	310.8
tennisblue	10.252315	307.3	10.76279977	310.6
tennisblue	10.231353	307.2	10.7390871	310.4
tennisblue	10.251074	307.3	10.76139593	310.6
tennisblue	10.210094	307	10.71503846	310.3
tennisblue	10.20396	307	10.70809955	310.2
tennisblue	10.177264	306.8	10.67790045	310
tennisblue	10.18311	306.9	10.68451357	310.1
foil	6.036538	275.6	5.993821267	275.2
foil	5.717421	272.6	5.632829186	271.8
foil	5.613406	271.7	5.515165158	270.7
foil	5.539906	271	5.432020362	269.9
foil	5.470635	270.3	5.353659502	269.2
foil	5.473185	270.3	5.356544118	269.2
foil	5.840805	273.8	5.772403846	273.1
foil	6.815271	282.3	6.87474095	282.8
foil	5.213152	267.8	5.06238914	266.3
foil	5.188344	267.6	5.034325792	266
foil	5.214597	267.8	5.064023756	266.3
foil	5.307915	268.7	5.169587104	267.4
foil	5.251866	268.2	5.106183258	266.7
foil	5.186386	267.5	5.03211086	266
foil	5.327177	268.9	5.191376697	267.6
foil	6.315045	278	6.308874434	278
foil	5.214875	267.8	5.064338235	266.3
foil	5.272877	268.4	5.129951357	267
foil	5.244582	268.1	5.097943439	266.7
foil	5.306352	268.7	5.167819005	267.4
foil	5.277239	268.4	5.134885747	267
foil	5.218879	267.9	5.068867647	266.4
foil	5.328827	268.9	5.193243213	267.6
foil	6.228626	277.3	6.211115385	277.1
foil	5.253829	268.2	5.108403846	266.8
foil	5.308721	268.7	5.170498869	267.4
foil	5.333955	269	5.199044118	267.7
foil	5.306588	268.7	5.168085973	267.4
foil	5.193968	267.6	5.040687783	266.1
foil	5.283027	268.5	5.141433258	267.1
foil	5.213469	267.8	5.062747738	266.3
foil	6.254836	277.5	6.240764706	277.4
foil	5.838818	273.8	5.770156109	273.1
foil	5.190807	267.6	5.037111991	266
foil	5.198502	267.7	5.045816742	266.1
foil	5.394388	269.6	5.26740724	268.3
foil	5.277936	268.4	5.135674208	267
foil	5.365843	269.3	5.235116516	268
foil	5.356437	269.2	5.224476244	267.9
foil	5.301462	268.7	5.16228733	267.3
foil	6.307273	278	6.300082579	277.9
foil	5.743605	272.9	5.662449095	272.1
foil	5.36236	269.3	5.231176471	268
foil	5.211968	267.8	5.061049774	266.3
foil	5.334554	269	5.199721719	267.7
foil	5.332037	269	5.196874434	267.6
foil	5.224508	267.9	5.075235294	266.4
foil	5.334032	269	5.199131222	267.7
foil	5.282541	268.5	5.140883484	267.1
foil	6.283365	277.7	6.27303733	277.7
foil	5.871219	274.1	5.806808824	273.5
foil	5.19216	267.6	5.038642534	266.1
foil	5.246899	268.1	5.10056448	266.7
foil	5.33257	269	5.197477376	267.6
foil	5.359299	269.2	5.227713801	267.9
foil	5.358461	269.2	5.226765837	267.9
foil	5.197938	267.7	5.045178733	266.1
foil	5.330801	269	5.195476244	267.6
foil	6.370516	278.5	6.371624434	278.5
foil	6.364125	278.4	6.364394796	278.5
foil	5.576632	271.3	5.473565611	270.3
foil	5.358	269.2	5.226244344	267.9
foil	5.299965	268.7	5.160593891	267.3
foil	5.220375	267.9	5.070559955	266.4
foil	5.221079	267.9	5.071356335	266.4
foil	5.290505	268.6	5.149892534	267.2
foil	5.667505	272.2	5.576363122	271.3
foil	6.701784	281.3	6.746361991	281.7
felt1	12.272466	319.7	13.04803846	324.1
felt1	12.355285	320.1	13.14172511	324.6
felt1	12.028587	318.2	12.77215724	322.5
felt1	12.338588	320	13.1228371	324.5
felt1	12.336718	320	13.12072172	324.5
felt1	12.163899	319	12.92522511	323.4
felt1	11.964738	317.9	12.69992986	322.1
felt1	12.094455	318.6	12.84666855	322.9
felt1	11.743228	316.6	12.44935294	320.7
felt2	12.285464	319.7	13.06274208	324.2
felt2	12.326355	320	13.10899887	324.4
felt2	12.251349	319.5	13.02415045	323.9
felt2	12.331913	320	13.1152862	324.5
felt2	12.357275	320.2	13.14397624	324.6
felt2	12.338897	320	13.12318665	324.5
felt2	12.299432	319.8	13.07854299	324.3
felt2	12.339299	320.1	13.1236414	324.5
felt2	12.293883	319.8	13.07226584	324.2
asphalt	10.053308	306	10.53767873	309.1
asphalt	10.182187	306.9	10.68346946	310.1
asphalt	10.172345	306.8	10.67233597	310
asphalt	10.091537	306.3	10.58092421	309.4
asphalt	10.025104	305.8	10.50577376	308.9
asphalt	9.953683	305.4	10.42498077	308.4
asphalt	9.898383	305	10.36242421	308
asphalt	9.855358	304.7	10.31375339	307.7
asphalt	9.822771	304.5	10.27689027	307.5
asphalt	9.837195	304.6	10.29320701	307.6
asphalt	9.797365	304.3	10.24815045	307.3
asphalt	9.774578	304.2	10.2223733	307.1
asphalt	9.7722	304.2	10.21968326	307.1
asphalt	9.725144	303.9	10.16645249	306.8
asphalt	10.143899	306.6	10.64015724	309.8
asphalt	10.202435	307	10.70637443	310.2
asphalt	10.147914	306.6	10.6446991	309.8
asphalt	10.064255	306.1	10.55006222	309.2
asphalt	9.938717	305.3	10.4080509	308.3
asphalt	9.891825	305	10.35500566	308
asphalt	9.875516	304.8	10.33655656	307.9
asphalt	9.841586	304.6	10.29817421	307.6
asphalt	9.822449	304.5	10.27652602	307.5
asphalt	9.824987	304.5	10.27939706	307.5
asphalt	9.767662	304.1	10.21454977	307.1
asphalt	9.738474	303.9	10.18153167	306.9
asphalt	9.719182	303.8	10.15970814	306.7
asphalt	10.074516	306.2	10.56166968	309.3
asphalt	10.197298	307	10.70056335	310.2
asphalt	10.174425	306.8	10.67468891	310
asphalt	10.083382	306.2	10.5716991	309.4
asphalt	10.010095	305.7	10.48879525	308.8
asphalt	9.940607	305.3	10.41018891	308.3
asphalt	9.868151	304.8	10.32822511	307.8
asphalt	9.829609	304.5	10.28462557	307.5
asphalt	9.798848	304.3	10.24982805	307.3
asphalt	9.781686	304.2	10.23041403	307.2
asphalt	9.766711	304.1	10.21347398	307.1
asphalt	9.752958	304	10.19791629	307
asphalt	9.688192	303.6	10.12465158	306.5
asphalt	9.696856	303.7	10.13445249	306.5
asphalt	10.18169	306.9	10.68290724	310.1
asphalt	10.179969	306.8	10.68096041	310
asphalt	10.112204	306.4	10.60430317	309.6
asphalt	10.001914	305.7	10.47954072	308.8
asphalt	9.921741	305.2	10.38884729	308.2
asphalt	9.893111	305	10.35646041	308
asphalt	9.818523	304.5	10.27208484	307.4
asphalt	9.81509	304.4	10.26820136	307.4
asphalt	9.787493	304.3	10.23698303	307.2
asphalt	9.777449	304.2	10.22562104	307.1
asphalt	9.753101	304	10.19807805	307
asphalt	9.72224	303.8	10.16316742	306.7
asphalt	9.742657	304	10.18626357	306.9
asphalt	10.081329	306.2	10.5693767	309.3
asphalt	10.196584	307	10.69975566	310.2
asphalt	10.133688	306.5	10.62860633	309.7
asphalt	10.060811	306.1	10.54616629	309.2
asphalt	9.949026	305.3	10.41971267	308.4
asphalt	9.891745	305	10.35491516	308
asphalt	9.857783	304.7	10.31649661	307.7
asphalt	9.827823	304.5	10.2826052	307.5
asphalt	9.797447	304.3	10.24824321	307.3
asphalt	9.789852	304.3	10.23965158	307.2
asphalt	9.780379	304.2	10.22893552	307.2
asphalt	9.745159	304	10.18909389	306.9
asphalt	9.749486	304	10.19398869	306.9
asphalt	10.177396	306.8	10.67804977	310
asphalt	10.171501	306.8	10.67138122	310
asphalt	10.057568	306	10.54249774	309.2
asphalt	9.995646	305.6	10.47245023	308.7
asphalt	9.881554	304.9	10.34338688	307.9
asphalt	9.850445	304.7	10.3081957	307.7
asphalt	9.822524	304.5	10.27661086	307.5
asphalt	9.804909	304.4	10.25668439	307.3
asphalt	9.799433	304.3	10.25048982	307.3
asphalt	9.774475	304.2	10.22225679	307.1
asphalt	9.778325	304.2	10.22661199	307.1
asphalt	9.754988	304	10.20021267	307
asphalt	9.717662	303.8	10.15798869	306.7
asphalt	10.121461	306.5	10.61477489	309.6
asphalt	10.19703	307	10.70026018	310.2
asphalt	10.133367	306.5	10.62824321	309.7
asphalt	10.019344	305.8	10.49925792	308.9
asphalt	9.924614	305.2	10.39209729	308.2
asphalt	9.878012	304.9	10.33938009	307.9
asphalt	9.845648	304.7	10.30276923	307.6
asphalt	9.826526	304.5	10.28113801	307.5
asphalt	9.824193	304.5	10.27849887	307.5
asphalt	9.797341	304.3	10.2481233	307.3
asphalt	9.791344	304.3	10.24133937	307.2
asphalt	9.755652	304.1	10.2009638	307
asphalt	9.730405	303.9	10.17240385	306.8
asphalt	10.180096	306.8	10.68110407	310
asphalt	10.155855	306.7	10.65368213	309.9
asphalt	10.071318	306.1	10.55805204	309.3
asphalt	9.97037	305.5	10.44385747	308.5
asphalt	9.895376	305	10.35902262	308
asphalt	9.864573	304.8	10.3241776	307.8
asphalt	9.838954	304.6	10.29519683	307.6
asphalt	9.815526	304.5	10.26869457	307.4
asphalt	9.80612	304.4	10.2580543	307.3
asphalt	9.773153	304.2	10.22076131	307.1
asphalt	9.790478	304.3	10.24035973	307.2
asphalt	9.753676	304	10.19872851	307
asphalt	9.754493	304	10.19965271	307
asphalt	10.154431	306.7	10.65207127	309.9
asphalt	10.165927	306.8	10.66507579	309.9
asphalt	10.060325	306.1	10.54561652	309.2
asphalt	9.963197	305.4	10.43574321	308.5
asphalt	9.911146	305.1	10.37686199	308.1
asphalt	9.85429	304.7	10.31254525	307.7
asphalt	9.8358	304.6	10.29162896	307.6
asphalt	9.827647	304.5	10.28240611	307.5
asphalt	9.829131	304.5	10.28408484	307.5
asphalt	9.807752	304.4	10.25990045	307.4
asphalt	9.788788	304.3	10.23844796	307.2
asphalt	9.732332	303.9	10.17458371	306.8
asphalt	9.745765	304	10.18977941	306.9
asphalt	10.203719	307	10.70782692	310.2
asphalt	10.117908	306.4	10.61075566	309.6
asphalt	10.033304	305.9	10.51504977	309
asphalt	9.946204	305.3	10.41652036	308.4
asphalt	9.914898	305.1	10.38110633	308.1
asphalt	9.888739	304.9	10.35151471	308
asphalt	9.85947	304.7	10.31840498	307.7
asphalt	9.827715	304.5	10.28248303	307.5
asphalt	9.845061	304.6	10.3021052	307.6
asphalt	9.808975	304.4	10.26128394	307.4
asphalt	9.80544	304.4	10.25728507	307.3
asphalt	9.758707	304.1	10.20441968	307
asphalt	10.205688	307	10.7100543	310.2
asphalt	10.140252	306.6	10.63603167	309.8
asphalt	10.10443	306.4	10.59550905	309.5
asphalt	9.996601	305.6	10.47353054	308.7
asphalt	9.942856	305.3	10.41273303	308.3
asphalt	9.89605	305	10.35978507	308
asphalt	9.891406	305	10.35453167	308
asphalt	9.878784	304.9	10.34025339	307.9
asphalt	9.836803	304.6	10.29276357	307.6
asphalt	9.813478	304.4	10.26637783	307.4
asphalt	9.823852	304.5	10.27811312	307.5
asphalt	9.711288	303.8	10.15077828	306.7
asphalt	9.728012	303.9	10.16969683	306.8
asphalt	10.200468	307	10.70414932	310.2
asphalt	10.124831	306.5	10.6185871	309.7
asphalt	10.041926	305.9	10.52480317	309.1
asphalt	9.970929	305.5	10.44448982	308.5
asphalt	9.930879	305.2	10.39918439	308.3
asphalt	9.890939	305	10.35400339	308
asphalt	9.863723	304.8	10.32321606	307.8
asphalt	9.886739	304.9	10.34925226	307.9
asphalt	9.835468	304.6	10.29125339	307.6
asphalt	9.789891	304.3	10.2396957	307.2
asphalt	9.765063	304.1	10.21160973	307
asphalt	9.730399	303.9	10.17239706	306.8
felt4	10.737172	310.4	11.31128054	314
felt4	10.773544	310.6	11.35242534	314.2
felt4	10.592747	309.5	11.14790385	313
felt4	10.862956	311.2	11.45357014	314.8
felt4	10.880309	311.3	11.47320023	314.9
felt4	10.70754	310.2	11.27776018	313.7
felt4	10.760248	310.5	11.33738462	314.1
felt4	10.729267	310.4	11.30233824	313.9
felt4	10.633098	309.7	11.19354977	313.2
felt3	12.33597	320	13.11987557	324.5
felt3	12.344663	320.1	13.12970928	324.5
felt3	12.358514	320.2	13.14537783	324.6
felt3	12.325286	320	13.10778959	324.4
felt3	12.343768	320.1	13.12869683	324.5
felt3	12.353581	320.1	13.13979751	324.6
tennisgreen	9.998962	305.7	10.47620136	308.7
tennisgreen	9.968319	305.5	10.44153733	308.5
tennisgreen	9.960354	305.4	10.43252715	308.5
tennisgreen	9.968587	305.5	10.4418405	308.5
tennisgreen	9.933182	305.2	10.40178959	308.3
tennisgreen	9.964064	305.4	10.43672398	308.5
tennisgreen	9.966231	305.4	10.43917534	308.5
tennisgreen	9.976849	305.5	10.45118665	308.6
tennisgreen	9.977172	305.5	10.45155204	308.6
tennisgreen	9.991434	305.6	10.46768552	308.7
tennisgreen	9.988486	305.6	10.46435068	308.7
tennisgreen	9.988718	305.6	10.46461312	308.7
tennisgreen	9.998076	305.7	10.4751991	308.7
tennisgreen	9.99371	305.6	10.47026018	308.7
tennisgreen	9.986658	305.6	10.46228281	308.7
tennisgreen	10.003136	305.7	10.48092308	308.8
tennisgreen	9.998526	305.7	10.47570814	308.7
tennisgreen	10.033645	305.9	10.51543552	309
tennisgreen	9.949194	305.3	10.41990271	308.4
tennisgreen	9.950343	305.3	10.42120249	308.4
tennisgreen	9.966939	305.5	10.43997624	308.5
tennisgreen	9.973357	305.5	10.44723643	308.6
tennisgreen	10.003375	305.7	10.48119344	308.8
tennisgreen	10.011932	305.7	10.4908733	308.8
tennisgreen	10.025521	305.8	10.50624548	308.9
tennisgreen	9.922688	305.2	10.38991855	308.2
tennisgreen	9.941106	305.3	10.41075339	308.3
tennisgreen	9.973031	305.5	10.44686765	308.6
tennisgreen	9.958164	305.4	10.43004977	308.5
tennisgreen	10.016436	305.8	10.49596833	308.9
tennisgreen	10.033804	305.9	10.51561538	309
tennisgreen	10.055998	306	10.54072172	309.2
tennisgreen	9.924196	305.2	10.39162443	308.2
tennisgreen	9.916961	305.1	10.38344005	308.2
tennisgreen	9.951578	305.4	10.42259955	308.4
tennisgreen	9.948922	305.3	10.41959502	308.4
tennisgreen	10.013621	305.8	10.49278394	308.9
tennisgreen	10.009753	305.7	10.48840837	308.8
tennisgreen	10.012221	305.7	10.49120023	308.8
tennisgreen	9.975849	305.5	10.45005543	308.6
tennisgreen	9.956712	305.4	10.42840724	308.4
tennisgreen	9.973595	305.5	10.44750566	308.6
tennisgreen	9.967145	305.5	10.44020928	308.5
tennisgreen	9.991531	305.6	10.46779525	308.7
tennisgreen	10.039149	305.9	10.52166176	309
tennisgreen	9.946561	305.3	10.41692421	308.4
tennisgreen	9.956264	305.4	10.42790045	308.4
tennisgreen	9.972134	305.5	10.44585294	308.6
tennisgreen	9.933726	305.2	10.40240498	308.3
tennisgreen	9.987201	305.6	10.46289706	308.7
tennisgreen	9.993612	305.6	10.47014932	308.7
tennisgreen	9.985237	305.6	10.46067534	308.6
tennisgreen	9.931675	305.2	10.40008484	308.3
tennisgreen	9.970028	305.5	10.44347059	308.5
tennisgreen	9.96788	305.5	10.44104072	308.5
tennisgreen	9.986076	305.6	10.46162443	308.7
tennisgreen	9.972753	305.5	10.44655317	308.6
tennisgreen	9.974696	305.5	10.44875113	308.6
tennisgreen	10.028464	305.9	10.50957466	309
tennisgreen	10.005004	305.7	10.4830362	308.8
tennisgreen	9.958168	305.4	10.4300543	308.5
tennisgreen	9.973278	305.5	10.44714706	308.6
tennisgreen	9.989675	305.6	10.4656957	308.7
tennisgreen	9.974993	305.5	10.4490871	308.6
tennisgreen	9.981772	305.5	10.45675566	308.6
tennisgreen	9.983457	305.6	10.45866176	308.6
tennisgreen	9.967657	305.5	10.44078846	308.5
tennisgreen	9.968012	305.5	10.44119005	308.5
concrete	9.205287	300.3	9.578378959	302.9
concrete	9.248392	300.6	9.627140271	303.2
concrete	9.245699	300.6	9.624093891	303.2
concrete	9.212784	300.4	9.586859729	302.9
concrete	9.157041	300	9.523802036	302.5
concrete	9.193965	300.2	9.565571267	302.8
concrete	9.169949	300.1	9.538403846	302.6
concrete	9.187673	300.2	9.55845362	302.7
concrete	9.197764	300.3	9.569868778	302.8
concrete	9.196569	300.3	9.568516968	302.8
concrete	9.235937	300.5	9.613050905	303.1
concrete	9.283268	300.9	9.66659276	303.5
concrete	9.242648	300.6	9.620642534	303.2
concrete	9.217532	300.4	9.592230769	303
concrete	9.19634	300.3	9.568257919	302.8
concrete	9.176878	300.1	9.546242081	302.6
concrete	9.189359	300.2	9.56036086	302.7
concrete	9.162233	300	9.529675339	302.5
concrete	9.16338	300	9.530972851	302.5
concrete	9.160983	300	9.528261312	302.5
concrete	9.15907	300	9.526097285	302.5
concrete	9.173915	300.1	9.542890271	302.6
concrete	9.220838	300.4	9.595970588	303
concrete	9.255494	300.7	9.635174208	303.2
concrete	9.216337	300.4	9.590878959	303
concrete	9.243522	300.6	9.621631222	303.2
concrete	9.199662	300.3	9.572015837	302.8
concrete	9.221994	300.4	9.597278281	303
concrete	9.164236	300	9.531941176	302.6
concrete	9.157572	300	9.524402715	302.5
concrete	9.157641	300	9.524480769	302.5
concrete	9.122806	299.8	9.485074661	302.2
concrete	9.15298	300	9.519208145	302.5
concrete	9.192417	300.2	9.563820136	302.8
concrete	9.18297	300.2	9.553133484	302.7
concrete	9.219729	300.4	9.594716063	303
concrete	9.241253	300.6	9.61906448	303.1
concrete	9.221665	300.4	9.596906109	303
concrete	9.216454	300.4	9.591011312	303
concrete	9.182491	300.2	9.552591629	302.7
concrete	9.203669	300.3	9.576548643	302.9
concrete	9.184773	300.2	9.555173077	302.7
concrete	9.159188	300	9.526230769	302.5
concrete	9.186252	300.2	9.556846154	302.7
concrete	9.186372	300.2	9.5569819	302.7
concrete	9.178995	300.1	9.548636878	302.7
concrete	9.174395	300.1	9.543433258	302.6
concrete	9.207746	300.3	9.581160633	302.9
concrete	9.237178	300.5	9.614454751	303.1
concrete	9.256253	300.7	9.636032805	303.3
concrete	9.239223	300.6	9.6167681	303.1
concrete	9.240305	300.6	9.617992081	303.1
concrete	9.227312	300.5	9.603294118	303
concrete	9.185083	300.2	9.555523756	302.7
concrete	9.179844	300.1	9.549597285	302.7
concrete	9.181092	300.2	9.55100905	302.7
concrete	9.14881	299.9	9.51449095	302.4
concrete	9.149903	299.9	9.515727376	302.4
concrete	9.165107	300	9.532926471	302.6
concrete	9.183124	300.2	9.553307692	302.7
concrete	9.203478	300.3	9.576332579	302.9
concrete	9.211417	300.4	9.585313348	302.9
concrete	9.265315	300.7	9.646283937	303.3
concrete	9.240569	300.6	9.618290724	303.1
concrete	9.224176	300.5	9.599746606	303
concrete	9.213382	300.4	9.587536199	302.9
concrete	9.226588	300.5	9.602475113	303
concrete	9.21664	300.4	9.591221719	303
concrete	9.156416	300	9.523095023	302.5
concrete	9.187175	300.2	9.557890271	302.7
concrete	9.184948	300.2	9.555371041	302.7
concrete	9.217823	300.4	9.592559955	303
concrete	9.21134	300.4	9.585226244	302.9
concrete	9.245271	300.6	9.623609729	303.2
concrete	9.269376	300.8	9.650877828	303.4
concrete	9.298122	301	9.683395928	303.6
concrete	9.23892	300.6	9.616425339	303.1
concrete	9.207124	300.3	9.580457014	302.9
concrete	9.18449	300.2	9.554852941	302.7
concrete	9.21679	300.4	9.591391403	303
concrete	9.190368	300.2	9.561502262	302.8
concrete	9.180511	300.2	9.55035181	302.7
concrete	9.22713	300.5	9.603088235	303
concrete	9.184401	300.2	9.554752262	302.7
concrete	9.204667	300.3	9.577677602	302.9
concrete	9.217315	300.4	9.591985294	303
concrete	9.210618	300.4	9.584409502	302.9
concrete	9.270154	300.8	9.651757919	303.4
concrete	9.203844	300.3	9.576746606	302.9
concrete	9.218668	300.4	9.593515837	303
concrete	9.208391	300.3	9.581890271	302.9
concrete	9.187148	300.2	9.557859729	302.7
concrete	9.193936	300.2	9.565538462	302.8
concrete	9.215113	300.4	9.589494344	302.9
concrete	9.181577	300.2	9.551557692	302.7
concrete	9.212545	300.4	9.586589367	302.9
concrete	9.201051	300.3	9.573587104	302.8
concrete	9.214826	300.4	9.589169683	302.9
concrete	9.213511	300.4	9.587682127	302.9
concrete	9.191677	300.2	9.562983032	302.8
concrete	9.205127	300.3	9.578197964	302.9
concrete	9.191971	300.2	9.563315611	302.8
concrete	9.213902	300.4	9.588124434	302.9
concrete	9.2391	300.6	9.616628959	303.1
concrete	9.22605	300.5	9.601866516	303
concrete	9.184493	300.2	9.554856335	302.7
concrete	9.226596	300.5	9.602484163	303
concrete	9.240652	300.6	9.618384615	303.1
concrete	9.242606	300.6	9.620595023	303.2
tyvek	8.127831	292.6	8.35953733	294.3
tyvek	8.16916	292.9	8.406289593	294.7
tyvek	8.167705	292.9	8.404643665	294.6
tyvek	7.683501	289.2	7.856901584	290.6
tyvek	7.71174	289.5	7.888846154	290.8
tyvek	8.22256	293.3	8.466696833	295.1
tyvek	8.213492	293.2	8.456438914	295
tyvek	7.739301	289.7	7.920023756	291
tyvek	7.762462	289.8	7.946223982	291.2
tyvek	8.27238	293.7	8.523054299	295.5
tyvek	8.190692	293.1	8.430647059	294.8
tyvek	8.192055	293.1	8.432188914	294.8